165.612793
103.790283
176.980591
113.150024
130.746460
169.702148
117.385864
111.300659
176.818848
114.001465
124.639893
106.021118
132.489014
159.753418
152.435303
117.520142
143.212891
102.261353
169.790649
123.947144
168.933105
128.564453
165.069580
161.840820
145.202637
146.493530
121.267700
112.710571
185.949707
188.931274
165.759277
166.375732
155.932617
108.898926
147.531128
101.693726
191.085815
131.085205
145.117188
175.302124
194.799805
175.427246
158.309937
158.966064
188.342285
118.423462
186.779785
116.217041
143.472290
107.723999
148.748779
158.856201
175.430298
195.706177
142.810059
173.959351
124.395752
107.583618
106.048584
162.036133
103.543091
109.747314
171.575928
176.928711
141.821289
193.896484
178.601074
108.096313
199.609375
142.636108
138.156128
195.919800
185.311890
192.120361
107.629395
120.620728
151.080322
157.421875
177.209473
155.453491
195.758057
136.206055
121.340942
124.771118
153.173828
156.338501
118.386841
157.601929
193.905640
183.081055
191.549683
177.359009
118.655396
151.483154
174.212646
118.313599
171.350098
139.575195
152.828979
109.429932
150.091553
148.034668
190.469360
116.244507
144.076538
101.892090
184.152222
181.338501
174.630737
139.959717
159.100342
154.095459
168.457031
107.556152
153.024292
150.326538
141.247559
118.203735
193.588257
132.415771
119.769287
199.865723
122.134399
150.595093
180.532837
191.403198
166.857910
135.961914
133.218384
104.843140
118.487549
185.897827
126.934814
119.082642
111.657715
132.498169
107.452393
120.690918
165.048218
134.603882
103.549194
157.366943
183.450317
184.140015
170.571899
119.750977
174.877930
167.288208
169.363403
117.169189
185.815430
171.188354
108.651733
162.942505
107.788086
176.791382
129.037476
134.909058
158.322144
128.436279
156.744385
126.733398
189.462280
120.825195
105.160522
155.709839
126.934814
194.012451
152.416992
142.581177
193.112183
177.023315
173.019409
129.098511
116.891479
170.715332
151.745605
148.883057
183.605957
110.540771
157.861328
117.218018
128.106689
199.816895
107.843018
155.444336
124.121094
154.113770
194.671631
115.515137
173.049927
147.418213
111.874390
120.413208
145.272827
100.659180
150.421143
185.961914
177.148438
103.262329
196.566772
139.755249
176.770020
108.325195
108.843994
102.743530
141.668701
192.059326
102.227783
149.179077
141.537476
118.099976
117.700195
110.470581
169.110107
197.332764
105.261230
138.619995
112.365723
183.859253
198.544312
194.873047
151.098633
197.720337
109.182739
179.165649
131.060791
114.974976
118.984985
166.021729
118.768311
115.832520
198.135376
162.527466
190.069580
131.369019
127.453613
154.006958
155.661011
179.553223
152.908325
152.990723
176.623535
131.100464
150.466919
117.160034
173.117065
195.886230
129.443359
151.852417
179.388428
170.446777
152.404785
162.750244
148.159790
137.277222
199.862671
174.401855
157.592773
156.478882
157.757568
180.184937
123.889160
140.438843
155.972290
139.346313
172.683716
152.133179
135.903931
186.721802
172.369385
117.684937
175.292969
170.785522
182.446289
193.807983
148.376465
185.656738
120.031738
180.755615
149.554443
112.649536
197.668457
121.417236
158.618164
137.042236
135.546875
177.145386
175.735474
155.657959
101.260376
120.986938
104.260254
140.884399
180.227661
138.925171
109.558105
176.776123
129.907227
179.727173
131.878662
132.846069
120.919800
144.085693
181.515503
191.168213
118.209839
153.610229
194.262695
192.443848
105.383301
190.350342
175.387573
116.635132
105.319214
147.442627
110.180664
163.769531
100.195313
181.509399
169.247437
150.595093
104.077148
107.458496
186.645508
188.668823
191.131592
126.257324
138.989258
159.509277
132.669067
126.382446
103.680420
152.462769
146.060181
149.496460
124.337769
180.856323
108.743286
161.016846
161.587524
142.141724
140.332031
116.192627
157.354736
137.570190
106.076050
162.313843
190.707397
117.077637
144.674683
167.684937
153.472900
164.999390
173.687744
117.959595
123.684692
192.214966
175.573730
170.523071
165.002441
150.363159
117.510986
107.452393
130.242920
133.779907
108.172607
177.789307
197.140503
184.704590
144.500732
169.665527
114.440918
167.486572
151.663208
102.935791
186.495972
127.328491
169.296265
182.952881
174.441528
199.237061
187.167358
106.097412
142.105103
182.781982
183.358765
157.699585
124.777222
148.321533
168.139648
192.938232
148.941040
190.283203
186.608887
141.418457
181.118774
193.130493
183.251953
125.964355
133.932495
125.680542
181.558228
136.322021
107.531738
129.342651
181.774902
148.361206
194.479370
115.921021
129.968262
129.400635
126.251221
140.643311
161.489868
120.315552
189.468384
165.979004
171.981812
134.997559
189.950562
181.921387
119.058228
167.849731
192.788696
198.330688
107.757568
149.890137
116.488647
174.972534
162.927246
144.143677
109.347534
104.888916
141.622925
120.874023
186.196899
116.699219
188.708496
103.369141
153.591919
111.474609
188.705444
124.829102
101.632690
199.816895
117.080688
187.017822
190.502930
154.754639
144.073486
161.303711
109.848022
146.063232
194.171143
122.714233
139.144897
171.701050
114.385986
157.598877
187.158203
151.889038
154.449463
135.571289
138.647461
101.550293
112.023926
186.334229
186.398315
146.670532
146.115112
171.994019
176.748657
100.244141
111.737061
195.532227
146.701050
163.406372
119.003296
136.013794
180.786133
167.388916
169.772339
151.199341
165.753174
121.923828
174.945068
138.131714
171.237183
185.714722
105.535889
192.398071
134.561157
124.591064
180.691528
156.622314
177.716064
173.013306
145.715332
198.834229
134.725952
164.495850
143.283081
111.380005
117.489624
146.609497
130.923462
170.925903
198.202515
146.176147
147.943115
150.241089
136.514282
100.296021
184.851074
122.375488
129.556274
118.807983
158.477783
147.811890
112.921143
193.807983
145.886230
185.272217
190.750122
121.905518
180.160522
116.790771
123.056030
154.751587
161.276245
127.645874
148.388672
143.539429
185.113525
131.811523
169.982910
193.075562
143.756104
183.554077
183.499146
191.024780
100.216675
165.759277
174.502563
128.015137
190.695190
195.663452
163.787842
174.136353
157.489014
138.595581
128.671265
127.551270
165.728760
170.327759
178.405762
100.793457
106.976318
178.701782
111.807251
160.363770
142.907715
145.150757
135.226440
185.290527
192.141724
196.691895
169.015503
160.272217
113.342285
169.088745
120.590210
168.975830
187.765503
171.749878
152.203369
103.201294
154.324341
195.013428
121.594238
153.463745
100.323486
150.451660
123.590088
196.640015
160.989380
184.790039
110.836792
146.340942
130.892944
158.102417
121.725464
181.573486
140.444946
126.864624
193.698120
119.366455
100.521851
122.549438
190.005493
146.954346
168.414307
166.323853
118.093872
179.168701
138.143921
110.525513
167.687988
156.646729
108.377075
147.500610
146.749878
150.466919
130.950928
176.470947
143.408203
188.888550
193.212891
169.024658
191.970825
171.749878
137.286377
123.861694
171.194458
188.229370
169.335938
151.422119
112.890625
103.500366
162.042236
179.031372
148.989868
130.001831
103.335571
117.175293
175.247192
148.880005
194.549561
177.517700
159.646606
197.259521
151.126099
183.322144
173.657227
186.950684
108.963013
162.866211
174.475098
170.236206
189.578247
166.506958
116.363525
118.359375
127.154541
197.976685
119.226074
128.305054
110.662842
100.585938
172.515869
123.559570
144.104004
188.925171
102.633667
164.419556
178.091431
166.690063
181.924438
133.502197
115.792847
121.289063
107.406616
112.072754
146.456909
135.803223
127.337646
112.835693
109.582520
108.981323
143.768311
184.756470
142.877197
123.846436
169.198608
155.624390
117.129517
155.572510
165.451050
127.899170
111.126709
159.249878
142.913818
193.536377
129.745483
128.128052
148.226929
183.337402
118.289185
163.037109
118.615723
116.552734
176.309204
143.521118
130.914307
166.253662
123.889160
141.397095
123.440552
106.176758
123.657227
167.279053
118.893433
154.638672
111.535645
190.771484
126.278687
181.127930
139.456177
124.896240
150.131226
191.238403
183.062744
115.417480
185.043335
155.538940
117.614746
125.671387
123.687744
198.013306
115.170288
157.507324
156.442261
109.683228
166.165161
199.026489
190.734863
103.085327
178.564453
139.678955
168.243408
173.153687
157.647705
143.353271
108.074951
180.200195
119.601440
120.141602
154.034424
120.574951
142.013550
187.316895
154.144287
100.665283
104.418945
160.235596
150.491333
179.812622
122.003174
163.705444
107.553101
197.821045
125.588989
104.519653
157.144165
152.661133
191.049194
195.739746
188.070679
143.978882
171.249390
173.345947
158.642578
148.065186
133.657837
195.916748
160.165405
139.883423
156.747437
167.935181
109.524536
127.804565
188.302612
177.334595
199.005127
116.659546
118.780518
187.960815
181.472778
164.715576
172.814941
177.508545
118.988037
150.268555
172.033691
161.621094
173.089600
113.381958
172.274780
194.717407
164.739990
188.470459
128.335571
188.226318
182.162476
193.334961
189.404297
136.813354
164.642334
190.255737
178.268433
193.261719
140.423584
184.771729
157.449341
182.568359
146.847534
177.813721
135.345459
195.980835
110.818481
136.743164
115.579224
155.490112
117.785645
100.988770
142.614746
189.480591
147.274780
187.866211
146.780396
110.147095
103.192139
114.221191
141.836548
133.267212
116.955566
199.520874
178.228760
131.008911
151.611328
166.009521
105.093384
158.349609
185.046387
101.559448
144.201660
143.768311
100.424194
100.857544
128.942871
184.811401
161.999512
150.506592
111.456299
139.172363
104.357910
173.733521
191.067505
151.889038
113.311768
100.259399
167.126465
109.335327
126.492310
177.017212
169.396973
160.546875
131.793213
185.296631
169.104004
196.591187
191.796875
179.962158
123.764038
128.558350
172.314453
116.375732
158.938599
154.806519
103.125000
180.633545
140.032959
158.090210
149.093628
188.745117
137.231445
123.208618
119.744873
170.379639
136.752319
115.768433
195.452881
102.832031
101.504517
112.719727
198.342896
110.769653
134.283447
125.262451
186.074829
197.463989
146.624756
104.779053
196.554565
123.056030
186.456299
172.369385
121.789551
195.553589
127.664185
162.677002
138.958740
190.121460
174.688721
122.576904
176.818848
162.322998
185.302734
155.380249
145.614624
170.938110
164.651489
151.159668
108.557129
175.979614
133.728027
193.856812
123.065186
127.514648
125.387573
185.742188
129.827881
110.949707
111.010742
179.910278
117.855835
164.358521
110.968018
161.386108
143.649292
133.551025
191.998291
167.504883
132.553101
180.416870
104.620361
188.162231
140.509033
110.229492
163.711548
136.587524
104.254150
133.535767
125.378418
131.234741
158.123779
128.222656
163.235474
179.434204
145.602417
117.416382
197.225952
103.436279
103.695679
128.805542
178.103638
199.453735
148.309326
151.062012
180.718994
170.343018
138.699341
152.954102
109.191895
122.534180
149.172974
180.743408
167.150879
167.855835
126.129150
199.578857
196.109009
120.864868
158.578491
194.427490
135.168457
132.287598
140.267944
196.209717
105.090332
149.258423
151.525879
148.754883
169.937134
142.916870
138.961792
182.208252
179.379272
193.997192
